Pos	A	C	G	U
1	0.221	0.19	0.271	0.318
2	0.182817182817183	0.228771228771229	0.300699300699301	0.287712287712288
3	0.173	0.206	0.326	0.295
4	0.183816183816184	0.274725274725275	0.275724275724276	0.265734265734266
5	0.266	0.217	0.335	0.182
6	0.226773226773227	0.375624375624376	0.263736263736264	0.133866133866134
7	0.001	0.21	0.001	0.788
8	0.001	0	0.995	0.004
9	0.02	0.004	0.328	0.648
10	0.214785214785215	0.106893106893107	0.0859140859140859	0.592407592407592
11	0.000999000999000999	0	0.998001998001998	0.000999000999000999
12	0.001998001998002	0.000999000999000999	0.000999000999000999	0.996003996003996
13	0.001998001998002	0.000999000999000999	0.000999000999000999	0.996003996003996
14	0	0.001	0.999	0
15	0	0.000999000999000999	0.000999000999000999	0.998001998001998
16	0.994	0.001	0.001	0.004
17	0.165	0.001	0.833	0.001
18	0.113	0.225	0.417	0.245
19	0.125	0.256	0.249	0.37
20	0.188188188188188	0.223223223223223	0.327327327327327	0.261261261261261
21	0.216	0.227	0.266	0.291
22	0.217782217782218	0.211788211788212	0.286713286713287	0.283716283716284
23	0.205794205794206	0.218781218781219	0.270729270729271	0.304695304695305
