Pos	A	C	G	U
1	0.108355934392354	0.010202763786646	0.343923543846055	0.537517757974945
2	0.0119047619047619	0.0143964562569214	0.0290697674418605	0.944629014396456
3	0.933771209633279	0.00656814449917898	0.0255883962780514	0.034072249589491
4	0.0169659267637495	0.00212074084546868	0.96479570196522	0.016117630425562
5	0.0554180418041804	0.00605060506050605	0.74009900990099	0.198432343234323
6	0.128815004262575	0.00741687979539642	0.282011935208866	0.581756180733163
7	0.107526020816653	0.00456365092073659	0.341553242594075	0.546357085668535
8	0.0234649430940003	0.00772797527047913	0.00997611353098216	0.958830968104538
9	0.979896611143021	0.000287191269385411	0.0103388856978748	0.00947731188971855
10	0.009816474605207	0.00426803243704652	0.970835111680182	0.0150803812775644
11	0.075387162754456	0.0125645271257427	0.664653745008279	0.247394565111522
12	0.162483950040854	0.0409711684370258	0.214427454184662	0.582117427337458
