Pos	A	C	G	U
1	0.0953389830508475	0.0264830508474576	0.380296610169492	0.497881355932203
2	0.128955019668206	0.0631092868137506	0.240807251582008	0.567128441936036
3	0.0842349304482226	0.00850077279752705	0.64064914992272	0.26661514683153
4	0.0454545454545455	0.00893769152196119	0.0988253319713994	0.846782431052094
5	0.0357430798172534	0.0177371674281107	0.055361461972588	0.891158290782048
6	0.100462784419591	0.00134978789047435	0.639413806401851	0.258773621288083
7	0.0786017377247929	0.0662760153566377	0.185087896544757	0.670034350373813
8	0.0300497062810664	0.00180750112968821	0.749209218255761	0.218933574333484
9	0.0205461638491547	0.000520156046814044	0.116514954486346	0.862418725617685
10	0.031584183039045	0.00522258144740114	0.138522755533449	0.824670479980104
11	0.206783625730994	0.0175438596491228	0.426900584795322	0.348771929824561
12	0.160157209530828	0.0255465487595185	0.405551461557357	0.408744780152297
