Pos	A	C	G	U
1	0.051	0.21	0.595	0.144
2	0.204	0.195	0.402	0.199
3	0.166	0.182	0.294	0.358
4	0.374374374374374	0.0750750750750751	0.446446446446446	0.104104104104104
5	0.011	0.375	0.231	0.383
6	0	0.001	0.999	0
7	0	0	1	0
8	0	0	1	0
9	0	0.001	0.001	0.998
10	0	0.907	0	0.093
11	0.001001001001001	0.005005005005005	0.041041041041041	0.952952952952953
12	0.201	0.143	0.35	0.306
13	0.776	0.012	0.083	0.129
14	0.017	0.001	0.181	0.801
15	0	0.000999000999000999	0.000999000999000999	0.998001998001998
16	0.014	0.001	0.002	0.983
17	0	0	0	1
18	0	0	0	1
19	0.999	0	0.001	0
20	0.998	0	0	0.002
21	0.095	0.227	0.665	0.013
22	0.017	0.408	0.177	0.398
23	0.349	0.224	0.323	0.104
24	0.249249249249249	0.31031031031031	0.304304304304304	0.136136136136136
25	0.236	0.318	0.322	0.124
