Pos	A	C	G	U
1	0.206206206206206	0.204204204204204	0.322322322322322	0.267267267267267
2	0.196196196196196	0.16016016016016	0.41041041041041	0.233233233233233
3	0.197	0.184	0.495	0.124
4	0.099	0.175	0.175	0.551
5	0	0.001	0.994	0.005
6	0.188	0.182	0.001	0.629
7	0.001	0	0.994	0.005
8	0.00800800800800801	0.177177177177177	0.026026026026026	0.788788788788789
9	0	0.001	0.999	0
10	0.012012012012012	0.747747747747748	0.232232232232232	0.00800800800800801
11	0.001	0	0.995	0.004
12	0.001	0	0	0.999
13	0	0.001	0	0.999
14	0.046	0.104	0.068	0.782
15	0	0.999	0	0.001
16	0	0.998	0	0.002
17	0.0679320679320679	0.157842157842158	0.728271728271728	0.045954045954046
18	0.0789210789210789	0.461538461538462	0.230769230769231	0.228771228771229
19	0.205	0.369	0.198	0.228
20	0.231768231768232	0.208791208791209	0.275724275724276	0.283716283716284
