Pos	A	C	G	U
1	0.175175175175175	0.225225225225225	0.326326326326326	0.273273273273273
2	0.153	0.205	0.483	0.159
3	0.135864135864136	0.175824175824176	0.548451548451549	0.13986013986014
4	0.0870870870870871	0.0840840840840841	0.129129129129129	0.6996996996997
5	0.001	0.007	0.975	0.017
6	0.129129129129129	0.341341341341341	0.00900900900900901	0.52052052052052
7	0	0.000999000999000999	0.998001998001998	0.000999000999000999
8	0.003	0.18	0.037	0.78
9	0	0	0.999	0.001
10	0.003	0.763	0.234	0
11	0	0	1	0
12	0	0	0.001	0.999
13	0	0	0	1
14	0.014	0.092	0.043	0.851
15	0	0.991	0	0.009
16	0.01	0.986	0.003	0.001
17	0.079	0.072	0.843	0.006
18	0.085	0.505	0.239	0.171
19	0.106893106893107	0.363636363636364	0.261738261738262	0.267732267732268
20	0.205	0.214	0.332	0.249
