Pos	A	C	G	U
1	0.204	0.227	0.295	0.274
2	0.180819180819181	0.224775224775225	0.387612387612388	0.206793206793207
3	0.145854145854146	0.156843156843157	0.216783216783217	0.480519480519481
4	0.174825174825175	0.046953046953047	0.716283716283716	0.0619380619380619
5	0.216	0.627	0.114	0.043
6	1	0	0	0
7	0.000999000999000999	0.000999000999000999	0.998001998001998	0
8	0.119	0.009	0.127	0.745
9	0.322	0.046	0.188	0.444
10	0.001	0.592	0.006	0.401
11	0	0.001	0	0.999
12	1	0	0	0
13	0	0	1	0
14	0	0	0.999	0.001
15	0.041	0.074	0.635	0.25
16	0.019019019019019	0.551551551551552	0.0820820820820821	0.347347347347347
17	0.282	0.154	0.365	0.199
18	0.139	0.255	0.35	0.256
19	0.225	0.239	0.318	0.218
