Pos	A	C	G	U
1	0.179	0.223	0.428	0.17
2	0.072	0.539	0.145	0.244
3	0.095	0.216	0.587	0.102
4	0.192	0.231	0.257	0.32
5	0.014985014985015	0.164835164835165	0.629370629370629	0.190809190809191
6	0.001	0	0.997	0.002
7	0.001	0.003	0.996	0
8	0	0	1	0
9	0	0.001	0	0.999
10	0	0.951	0	0.049
11	0.001	0	0.025	0.974
12	0.374	0.05	0.084	0.492
13	0.82	0.006	0.08	0.094
14	0.074	0.018	0.045	0.863
15	0	0.001	0.001	0.998
16	0.000999000999000999	0.000999000999000999	0.001998001998002	0.996003996003996
17	0	0.001	0	0.999
18	0	0.001	0	0.999
19	0.994005994005994	0	0.002997002997003	0.002997002997003
20	0.996	0	0.003	0.001
21	0.0730730730730731	0.632632632632633	0.277277277277277	0.017017017017017
22	0.296	0.235	0.253	0.216
23	0.102	0.532	0.221	0.145
24	0.295	0.089	0.482	0.134
25	0.189	0.404	0.208	0.199
