Pos	A	C	G	U
1	0.202797202797203	0.243756243756244	0.300699300699301	0.252747252747253
2	0.179	0.225	0.325	0.271
3	0.142	0.242	0.221	0.395
4	0.082	0.053	0.82	0.045
5	0.128	0.481	0.123	0.268
6	0.113	0.788	0.032	0.067
7	0.018	0.964	0.008	0.01
8	0.121	0.019	0.004	0.856
9	0.003	0.76	0.006	0.231
10	0.85	0.142	0.006	0.002
11	0.974	0.002	0.014	0.01
12	0.067	0.033	0.786	0.114
13	0.247247247247247	0.0550550550550551	0.501501501501502	0.196196196196196
14	0.048951048951049	0.486513486513487	0.0609390609390609	0.403596403596404
15	0.353	0.186	0.319	0.142
16	0.215	0.281	0.308	0.196
17	0.214785214785215	0.273726273726274	0.307692307692308	0.203796203796204
