Pos	A	C	G	U
1	0.19	0.145	0.509	0.156
2	0.173826173826174	0.276723276723277	0.332667332667333	0.216783216783217
3	0.0540540540540541	0.715715715715716	0.0680680680680681	0.162162162162162
4	0.005	0.222	0.045	0.728
5	0.031	0.538	0.073	0.358
6	0.388	0.132	0.458	0.022
7	0.016	0.217	0.014	0.753
8	0.972	0.005	0.02	0.003
9	0.004995004995005	0.003996003996004	0.00999000999000999	0.981018981018981
10	0.021021021021021	0.461461461461461	0.13013013013013	0.387387387387387
11	0.365634365634366	0.0679320679320679	0.531468531468532	0.034965034965035
12	0.699300699300699	0.013986013986014	0.241758241758242	0.044955044955045
13	0.148851148851149	0.0639360639360639	0.726273726273726	0.0609390609390609
14	0.185	0.231	0.306	0.278
15	0.158	0.315	0.187	0.34
