Pos	A	C	G	U
1	0.198801198801199	0.1998001998002	0.354645354645355	0.246753246753247
2	0.164	0.176	0.419	0.241
3	0.146	0.438	0.178	0.238
4	0.092	0.194	0.039	0.675
5	0.261	0.107	0.505	0.127
6	0.021021021021021	0.8998998998999	0.00900900900900901	0.0700700700700701
7	0.005	0	0.995	0
8	0	0	0.001	0.999
9	0	0	0	1
10	0.102	0.097	0.097	0.704
11	0.004	0.009	0	0.987
12	0.988	0.004	0.005	0.003
13	0.021	0.009	0.949	0.021
14	0.093	0.131	0.307	0.469
15	0.638638638638639	0.047047047047047	0.219219219219219	0.0950950950950951
16	0.175175175175175	0.175175175175175	0.487487487487487	0.162162162162162
17	0.115	0.323	0.299	0.263
18	0.206	0.254	0.286	0.254
