Pos	A	C	G	U
1	0.176	0.14	0.303	0.381
2	0.201	0.176	0.381	0.242
3	0.272	0.21	0.421	0.097
4	0.454	0.203	0.322	0.021
5	0.019	0.21	0.286	0.485
6	0	0	1	0
7	0	0	1	0
8	0	0	1	0
9	0	0	0	1
10	0	0.968	0	0.032
11	0.001	0.005	0.013	0.981
12	0.07	0.055	0.032	0.843
13	0.488	0.06	0.028	0.424
14	0.013	0.005	0.38	0.602
15	0	0	0.035	0.965
16	0	0.335335335335335	0.001001001001001	0.663663663663664
17	0	0	0	1
18	0	0	0	1
19	0.999	0	0	0.001
20	1	0	0	0
21	0.139139139139139	0.294294294294294	0.556556556556557	0.01001001001001
22	0.018	0.278	0.207	0.497
23	0.059	0.259	0.296	0.386
24	0.150849150849151	0.262737262737263	0.295704295704296	0.290709290709291
25	0.325	0.257	0.219	0.199
