Pos	A	C	G	U
1	0.0344975358902935	0.0584958217270195	0.827083779730019	0.0799228626526677
2	0.0107201118620368	0.018410626893498	0.0139827546026567	0.956886506641808
3	0.00422018348623853	0.193577981651376	0.74954128440367	0.0526605504587156
4	0.0113007380073801	0.00645756457564576	0.0781826568265683	0.904059040590406
5	0.0180077871512005	0.593608046722907	0.258922777417261	0.129461388708631
6	0.12059324094335	0.0544614636518356	0.115244347191831	0.709700948212983
7	0.0469243860928762	0.12788718696815	0.790906880622417	0.0342815463165573
8	0.0568927789934354	0.467541940189643	0.12715779236567	0.348407488451252
9	0.155117918794068	0.0734257233163141	0.230731825917822	0.540724531971797
10	0.158035497203987	0.105519085825432	0.325066861171894	0.411378555798687
11	0.12375395088743	0.12302455628495	0.49550206661804	0.257719426209579
12	0.143447605154389	0.220520301483102	0.383418429370289	0.25261366399222
13	0.164600048626307	0.286652078774617	0.184293702893265	0.364454169705811
14	0.100170192073912	0.458546073425723	0.139314369073669	0.301969365426696
15	0.0122094388354074	0.0119746419347265	0.948814275651561	0.0270016435783048
16	0.8875	0.0214285714285714	0.0622767857142857	0.0287946428571429
17	0.957109557109557	0.0107226107226107	0.0156177156177156	0.0165501165501165
18	0.0479627473806752	0.00465657741559953	0.919674039580908	0.0277066356228172
19	0.00883104810597258	0.0125493841505926	0.024401580292819	0.954217987450616
20	0.0634441087613293	0.771687526974536	0.0921450151057402	0.0727233491583945
21	0.223437879893022	0.383175297836129	0.175540967663506	0.217845854607343
