Pos	A	C	G	U
1	0.2	0.23	0.312	0.258
2	0.152	0.291	0.229	0.328
3	0.09	0.037	0.83	0.043
4	0.103	0.552	0.073	0.272
5	0.139	0.74	0.047	0.074
6	0.022	0.946	0.012	0.02
7	0.099	0.024	0.011	0.866
8	0.00799200799200799	0.762237762237762	0.010989010989011	0.218781218781219
9	0.859	0.115	0.016	0.01
10	0.953	0.015	0.019	0.013
11	0.0700700700700701	0.0560560560560561	0.733733733733734	0.14014014014014
12	0.249249249249249	0.026026026026026	0.574574574574575	0.15015015015015
13	0.039	0.46	0.046	0.455
14	0.318	0.216	0.331	0.135
15	0.196803196803197	0.28971028971029	0.296703296703297	0.216783216783217
