Pos	A	C	G	U
1	0.173	0.239	0.311	0.277
2	0.317317317317317	0.151151151151151	0.135135135135135	0.396396396396396
3	0.023	0.032	0.932	0.013
4	0.025	0.921	0.024	0.03
5	0.054	0.044	0.098	0.804
6	0.031	0.248	0.058	0.663
7	0.383	0.439	0.117	0.061
8	0.062	0.049	0.74	0.149
9	0.0990990990990991	0.217217217217217	0.0760760760760761	0.607607607607608
10	0.016016016016016	0.025025025025025	0.934934934934935	0.024024024024024
11	0.016016016016016	0.905905905905906	0.024024024024024	0.0540540540540541
12	0.302	0.229	0.169	0.3
13	0.185	0.37	0.223	0.222
