Pos	A	C	G	U
1	0.207	0.185	0.398	0.21
2	0.183816183816184	0.231768231768232	0.340659340659341	0.243756243756244
3	0.117	0.605	0.196	0.082
4	0.03	0.541	0.025	0.404
5	0.198	0.112	0.057	0.633
6	0.21	0.384	0.37	0.036
7	0.033	0.196	0.024	0.747
8	0.292707292707293	0.100899100899101	0.507492507492507	0.0989010989010989
9	0.039	0.017	0.076	0.868
10	0.040959040959041	0.302697302697303	0.381618381618382	0.274725274725275
11	0.623	0.029	0.123	0.225
12	0.401	0.03	0.494	0.075
13	0.0889110889110889	0.160839160839161	0.574425574425574	0.175824175824176
14	0.203	0.25	0.278	0.269
15	0.202	0.298	0.211	0.289
