Pos	A	C	G	U
1	0.716157205240175	0.103384279475983	0.0864628820960699	0.0939956331877729
2	0.1911930748965	0.552126458411743	0.0461046292811442	0.210575837410613
3	0.0752795031055901	0.0549068322981366	0.00968944099378882	0.860124223602484
4	0.934969160632877	0.0285599356395817	0.0104585679806919	0.026012335746849
5	0.945602165087957	0.0156968876860622	0.0216508795669824	0.0170500676589986
6	0.0649720734070443	0.74284737262054	0.01162658155705	0.180553972415365
7	0.71115091804747	0.128414688759516	0.059896999552172	0.100537393640842
8	0.445014245014245	0.097008547008547	0.145441595441595	0.312535612535613
9	0.249002849002849	0.10042735042735	0.0792022792022792	0.571367521367521
10	0.818671234552796	0.0375627064725315	0.0709653737917533	0.0728006851829194
11	0.0931798436142485	0.680060816681147	0.0299739357080799	0.196785403996525
12	0.0421107356381596	0.0361320509487913	0.0148167403171302	0.906940473095919
13	0.943679092382496	0.017558076715289	0.0125607779578606	0.0262020529443544
14	0.943971918455515	0.0195760766842176	0.0228162548940192	0.0136357499662481
15	0.053711387736284	0.754264638082065	0.016597510373444	0.175426463808207
16	0.697993201008883	0.145081697554556	0.0604232920276346	0.0965018094089264
