Pos	A	C	G	U
1	0.156156156156156	0.215215215215215	0.352352352352352	0.276276276276276
2	0.126	0.203	0.43	0.241
3	0.18	0.2	0.396	0.224
4	0.177	0.299	0.316	0.208
5	0.202	0.091	0.537	0.17
6	0.145	0.002	0.198	0.655
7	0.00700700700700701	0	0.981981981981982	0.011011011011011
8	0.002	0.001	0.004	0.993
9	0.044	0.02	0.018	0.918
10	0	0	0.997997997997998	0.002002002002002
11	0.001001001001001	0.995995995995996	0.002002002002002	0.001001001001001
12	0.001	0	0.998	0.001
13	0.00700700700700701	0.982982982982983	0.002002002002002	0.00800800800800801
14	0.001	0.001	0.997	0.001
15	0.412	0.002	0.585	0.001
16	0.001	0	0.987	0.012
17	0.0560560560560561	0.038038038038038	0.423423423423423	0.482482482482482
18	0.145145145145145	0.347347347347347	0.269269269269269	0.238238238238238
19	0.104104104104104	0.415415415415415	0.288288288288288	0.192192192192192
20	0.18	0.283	0.302	0.235
21	0.204	0.297	0.312	0.187
