Pos	A	C	G	U
1	0.174	0.255	0.286	0.285
2	0.205205205205205	0.216216216216216	0.358358358358358	0.22022022022022
3	0.199199199199199	0.231231231231231	0.354354354354354	0.215215215215215
4	0.175	0.252	0.411	0.162
5	0.126	0.212	0.51	0.152
6	0.011	0.455	0.004	0.53
7	0.497	0.001	0.502	0
8	0.008	0.584	0.001	0.407
9	0.001	0.001	0.996	0.002
10	0.001001001001001	0.995995995995996	0.002002002002002	0.001001001001001
11	0.001001001001001	0.003003003003003	0.00700700700700701	0.988988988988989
12	0.000999000999000999	0.995004995004995	0.001998001998002	0.001998001998002
13	0.006	0.016	0.977	0.001
14	0.124	0.009	0.001	0.866
15	0.002	0.001	0.996	0.001
16	0.001	0.974	0.024	0.001
17	0	0.502	0	0.498
18	0.44	0.162	0.217	0.181
19	0.077	0.495	0.213	0.215
20	0.131	0.356	0.309	0.204
21	0.201798201798202	0.26973026973027	0.290709290709291	0.237762237762238
22	0.171	0.24	0.324	0.265
23	0.199	0.23	0.336	0.235
