Pos	A	C	G	U
1	0.216	0.22	0.339	0.225
2	0.197802197802198	0.264735264735265	0.242757242757243	0.294705294705295
3	0.0759240759240759	0.235764235764236	0.532467532467533	0.155844155844156
4	0.029	0.791	0.056	0.124
5	0.0810810810810811	0.0920920920920921	0.747747747747748	0.0790790790790791
6	0.057	0.046	0.049	0.848
7	0.063	0.857	0.05	0.03
8	0.053946053946054	0.021978021978022	0.892107892107892	0.031968031968032
9	0.041	0.061	0.142	0.756
10	0.0540540540540541	0.0530530530530531	0.792792792792793	0.1001001001001
11	0.077	0.044	0.831	0.048
12	0.096	0.452	0.308	0.144
13	0.251251251251251	0.21021021021021	0.366366366366366	0.172172172172172
14	0.197	0.284	0.295	0.224
