Pos	A	C	G	U
1	0.166	0.281	0.323	0.23
2	0.134	0.264	0.36	0.242
3	0.164	0.299	0.341	0.196
4	0.141	0.296	0.345	0.218
5	0.273273273273273	0.164164164164164	0.366366366366366	0.196196196196196
6	0.188	0.01	0.295	0.507
7	0.022977022977023	0.001998001998002	0.966033966033966	0.00899100899100899
8	0.004004004004004	0.001001001001001	0.016016016016016	0.978978978978979
9	0.0800800800800801	0.021021021021021	0.029029029029029	0.86986986986987
10	0	0.001	0.998	0.001
11	0.001001001001001	0.994994994994995	0.002002002002002	0.002002002002002
12	0.001	0	0.998	0.001
13	0.002	0.988	0.006	0.004
14	0.000999000999000999	0.002997002997003	0.994005994005994	0.001998001998002
15	0.168	0.002	0.828	0.002
16	0.000999000999000999	0.000999000999000999	0.976023976023976	0.021978021978022
17	0.086	0.086	0.56	0.268
18	0.15	0.326	0.332	0.192
19	0.154	0.333	0.346	0.167
20	0.167832167832168	0.258741258741259	0.377622377622378	0.195804195804196
21	0.151	0.232	0.423	0.194
