Pos	A	C	G	U
1	0.25363917071019	0.0591089545655051	0.0630789589766211	0.624172915747684
2	0.607035607035607	0.03003003003003	0.0737880737880738	0.289146289146289
3	0.84984984984985	0.012012012012012	0.048048048048048	0.0900900900900901
4	0.476912706437479	0.096056622851365	0.188742837883384	0.238287832827772
5	0.321554770318021	0.168904593639576	0.272791519434629	0.236749116607774
6	0.326025459688826	0.0919377652050919	0.336633663366337	0.245403111739745
7	0.363957597173145	0.0777385159010601	0.296819787985866	0.261484098939929
8	0.398586572438163	0.0487632508833922	0.341342756183746	0.2113074204947
9	0.369165487977369	0.0537482319660538	0.298444130127298	0.278642149929279
10	0.279349363507779	0.125884016973126	0.354314002828854	0.24045261669024
11	0.403818953323904	0.074964639321075	0.260961810466761	0.26025459688826
12	0.189989785495403	0.0377936670071502	0.0495403472931563	0.72267620020429
13	0.654184003698567	0.0231160425335183	0.0577901063337957	0.264909847434119
14	0.830399061032864	0.0117370892018779	0.0422535211267606	0.115610328638498
15	0.431008224185196	0.108437404812671	0.224794395370088	0.235759975632044
