Pos	A	C	G	U
1	0.162	0.232	0.34	0.266
2	0.083	0.21	0.087	0.62
3	0.01	0.02	0.948	0.022
4	0.653	0.318	0.018	0.011
5	0.911088911088911	0.0449550449550449	0.025974025974026	0.017982017982018
6	0.0729270729270729	0.014985014985015	0.011988011988012	0.9000999000999
7	0.00999000999000999	0.374625374625375	0.021978021978022	0.593406593406593
8	0.0690690690690691	0.912912912912913	0.011011011011011	0.00700700700700701
9	0.091	0.009	0.873	0.027
10	0.007	0.022	0.306	0.665
11	0.01	0.935	0.024	0.031
12	0.502	0.113	0.328	0.057
13	0.174	0.305	0.341	0.18
