Pos	A	C	G	U
1	0.205	0.191	0.395	0.209
2	0.17017017017017	0.239239239239239	0.357357357357357	0.233233233233233
3	0.149	0.251	0.399	0.201
4	0.157	0.256	0.359	0.228
5	0.123123123123123	0.207207207207207	0.389389389389389	0.28028028028028
6	0.194	0.145	0.529	0.132
7	0.071	0	0.799	0.13
8	0.126	0.009	0.312	0.553
9	0.285714285714286	0.04995004995005	0.053946053946054	0.61038961038961
10	0	0	1	0
11	0	0.992	0.008	0
12	0.996	0.004	0	0
13	0	0.012	0	0.988
14	0	0	1	0
15	0.106893106893107	0.0979020979020979	0.25974025974026	0.535464535464535
16	0.031	0.003	0.941	0.025
17	0.101	0.371	0.222	0.306
18	0.23	0.217	0.363	0.19
19	0.169	0.241	0.376	0.214
20	0.154154154154154	0.247247247247247	0.351351351351351	0.247247247247247
21	0.162	0.205	0.408	0.225
22	0.182	0.196	0.395	0.227
