Pos	A	C	G	U
1	0.210789210789211	0.205794205794206	0.323676323676324	0.25974025974026
2	0.195	0.21	0.343	0.252
3	0.198	0.225	0.327	0.25
4	0.203203203203203	0.198198198198198	0.333333333333333	0.265265265265265
5	0.232	0.163	0.34	0.265
6	0.191191191191191	0.0540540540540541	0.507507507507508	0.247247247247247
7	0.176	0.022	0.315	0.487
8	0.236	0.061	0.061	0.642
9	0.005	0.004	0.985	0.006
10	0.018018018018018	0.931931931931932	0.024024024024024	0.026026026026026
11	0.94005994005994	0.00799200799200799	0.025974025974026	0.025974025974026
12	0.007	0.036	0.006	0.951
13	0.005005005005005	0.003003003003003	0.984984984984985	0.00700700700700701
14	0.123	0.21	0.199	0.468
15	0.163	0.03	0.574	0.233
16	0.198198198198198	0.214214214214214	0.285285285285285	0.302302302302302
17	0.231	0.189	0.329	0.251
18	0.203	0.197	0.326	0.274
19	0.197197197197197	0.195195195195195	0.354354354354354	0.253253253253253
20	0.204	0.193	0.347	0.256
