Pos	A	C	G	U
1	0.0222016651248844	0.00416281221091582	0.871415356151711	0.102220166512488
2	0.00568181818181818	0.00826446280991736	0.0129132231404959	0.973140495867769
3	0.904030710172745	0.00623800383877159	0.0273512476007678	0.0623800383877159
4	0.014894709809964	0.000513610683102209	0.967642526964561	0.0169491525423729
5	0.0603290676416819	0.0173674588665448	0.0612431444241316	0.861060329067642
6	0.118542108987969	0.00778485491861288	0.666666666666667	0.207006369426752
7	0.265199161425577	0.0125786163522013	0.226415094339623	0.4958071278826
8	0.0263726761781236	0.00216169476869866	0.814526588845655	0.156939040207523
9	0.0152827305145186	0.0086602139582272	0.0163015792154865	0.959755476311768
10	0.921722113502935	0.0151663405088063	0.0357142857142857	0.0273972602739726
11	0.0144777662874871	0.00413650465356774	0.974146845915202	0.00723888314374354
12	0.124655013799448	0.00873965041398344	0.332106715731371	0.534498620055198
