Pos	A	C	G	U
1	0.217217217217217	0.218218218218218	0.351351351351351	0.213213213213213
2	0.195	0.213	0.381	0.211
3	0.196	0.232	0.356	0.216
4	0.220779220779221	0.23976023976024	0.35964035964036	0.17982017982018
5	0.158158158158158	0.361361361361361	0.389389389389389	0.0910910910910911
6	0.01	0.573	0.013	0.404
7	0	0	1	0
8	0	0	0	1
9	1	0	0	0
10	1	0	0	0
11	0.812	0.109	0.016	0.063
12	0.046	0.058	0.471	0.425
13	0	0	0	1
14	0	0	1	0
15	0	0	0	1
16	1	0	0	0
17	0.071	0.013	0.911	0.005
18	0.067	0.261	0.417	0.255
19	0.138	0.263	0.307	0.292
20	0.213	0.214	0.348	0.225
21	0.209	0.218	0.338	0.235
22	0.206206206206206	0.196196196196196	0.364364364364364	0.233233233233233
