Pos	A	C	G	U
1	0.094832179009057	0.0191795418220565	0.690463505594033	0.195524773574853
2	0.065050266114725	0.062093435836783	0.106445890005914	0.766410408042578
3	0.663594470046083	0.0384024577572965	0.176651305683564	0.121351766513057
4	0.0436288088642659	0.00554016620498615	0.897506925207756	0.0533240997229917
5	0.128349788434415	0.0272684532204984	0.235072872590503	0.609308885754584
6	0.276234567901235	0.0115740740740741	0.393518518518519	0.318672839506173
7	0.180555555555556	0.00848765432098765	0.405864197530864	0.405092592592593
8	0.35108024691358	0.0154320987654321	0.278549382716049	0.354938271604938
9	0.0505252626313157	0.00700350175087544	0.64832416208104	0.294147073536768
10	0.0302216252518469	0.0194761584956347	0.0799194089993284	0.87038280725319
11	0.680672268907563	0.0493697478991597	0.125525210084034	0.144432773109244
12	0.0500676589986468	0.0216508795669824	0.876860622462788	0.0514208389715832
13	0.145140664961637	0.0262148337595908	0.278772378516624	0.549872122762148
