Pos	A	C	G	U
1	0.198801198801199	0.20979020979021	0.355644355644356	0.235764235764236
2	0.185	0.244	0.266	0.305
3	0.105	0.344	0.07	0.481
4	0.37	0.097	0.384	0.149
5	0.044	0.784	0.035	0.137
6	0.018	0.008	0.964	0.01
7	0.011	0.01	0.009	0.97
8	0.01	0.007	0.009	0.974
9	0.16016016016016	0.112112112112112	0.2002002002002	0.527527527527528
10	0.063	0.034	0.012	0.891
11	0.924	0.013	0.046	0.017
12	0.0550550550550551	0.035035035035035	0.854854854854855	0.0550550550550551
13	0.114	0.189	0.28	0.417
14	0.419	0.081	0.354	0.146
15	0.21978021978022	0.205794205794206	0.340659340659341	0.233766233766234
16	0.177177177177177	0.239239239239239	0.307307307307307	0.276276276276276
