Pos	A	C	G	U
1	0.226	0.22	0.306	0.248
2	0.187	0.298	0.245	0.27
3	0.112112112112112	0.11011011011011	0.696696696696697	0.0810810810810811
4	0.171	0.682	0.1	0.047
5	0.243	0.026	0.709	0.022
6	0.016	0.923	0.028	0.033
7	0.89010989010989	0.0509490509490509	0.032967032967033	0.025974025974026
8	0.9	0.033	0.033	0.034
9	0.011	0.018	0.957	0.014
10	0.855855855855856	0.055055055055055	0.034034034034034	0.055055055055055
11	0.03	0.093	0.701	0.176
12	0.073	0.645	0.137	0.145
13	0.246	0.185	0.398	0.171
14	0.199	0.254	0.321	0.226
