Pos	A	C	G	U
1	0.21021021021021	0.231231231231231	0.307307307307307	0.251251251251251
2	0.215	0.186	0.339	0.26
3	0.220779220779221	0.257742257742258	0.287712287712288	0.233766233766234
4	0.203203203203203	0.274274274274274	0.315315315315315	0.207207207207207
5	0.2002002002002	0.221221221221221	0.42042042042042	0.158158158158158
6	0.033966033966034	0.231768231768232	0.00999000999000999	0.724275724275724
7	0.006	0.004	0.983	0.007
8	0.00900900900900901	0.898898898898899	0.013013013013013	0.0790790790790791
9	0.925074925074925	0.017982017982018	0.034965034965035	0.021978021978022
10	0.018	0.015	0.033	0.934
11	0.796203796203796	0.023976023976024	0.152847152847153	0.026973026973027
12	0.931	0.013	0.029	0.027
13	0.012	0.03	0.329	0.629
14	0.078	0.016	0.813	0.093
15	0.127127127127127	0.35035035035035	0.273273273273273	0.249249249249249
16	0.156	0.222	0.341	0.281
17	0.161	0.189	0.359	0.291
18	0.194	0.207	0.298	0.301
19	0.208	0.203	0.349	0.24
