Pos	A	C	G	U
1	0.206793206793207	0.224775224775225	0.318681318681319	0.24975024975025
2	0.168	0.339	0.253	0.24
3	0.20979020979021	0.146853146853147	0.523476523476524	0.11988011988012
4	0.015	0.838	0.014	0.133
5	0.021021021021021	0.966966966966967	0.002002002002002	0.01001001001001
6	0.755	0.027	0.054	0.164
7	0.062	0.372	0.107	0.459
8	0.395	0.005	0.523	0.077
9	0.298298298298298	0.251251251251251	0.02002002002002	0.43043043043043
10	0.004	0.934	0.017	0.045
11	0.996	0.002	0.001	0.001
12	0.02	0.064	0.002	0.914
13	0.003	0.983	0.002	0.012
14	0.0919080919080919	0.00899100899100899	0.871128871128871	0.027972027972028
15	0.105	0.491	0.158	0.246
16	0.201	0.225	0.407	0.167
17	0.223776223776224	0.26973026973027	0.288711288711289	0.217782217782218
