Pos	A	C	G	U
1	0.231	0.19	0.32	0.259
2	0.228	0.182	0.35	0.24
3	0.181	0.208	0.358	0.253
4	0.122	0.281	0.42	0.177
5	0.199	0.187	0.525	0.089
6	0.014985014985015	0.0999000999000999	0.00799200799200799	0.877122877122877
7	0.002	0	0.998	0
8	0.001998001998002	0.921078921078921	0.003996003996004	0.0729270729270729
9	0.993	0.002	0.005	0
10	0	0.005005005005005	0.00700700700700701	0.987987987987988
11	0.886113886113886	0.001998001998002	0.107892107892108	0.003996003996004
12	0.943056943056943	0.003996003996004	0.046953046953047	0.00599400599400599
13	0.012	0.006	0.378	0.604
14	0.0780780780780781	0.003003003003003	0.856856856856857	0.0620620620620621
15	0.0730730730730731	0.495495495495496	0.208208208208208	0.223223223223223
16	0.147	0.332	0.318	0.203
17	0.208	0.204	0.322	0.266
18	0.216	0.229	0.311	0.244
19	0.225	0.19	0.334	0.251
