Pos	A	C	G	U
1	0.368940016433854	0.0954337363540322	0.330789998826153	0.204836248385961
2	0.36494893766874	0.0805258833196385	0.28923582580115	0.265289353210471
3	0.0606892885620626	0.0379197306635953	0.754762115708337	0.146628865066005
4	0.0359864521591871	0.0244707874682472	0.721337849280271	0.218204911092295
5	0.0682397357243983	0.049079754601227	0.0786219915054271	0.804058518168948
6	0.654250825589432	0.0373243222486752	0.099761923047385	0.208662929114507
7	0.0900098911968348	0.0066271018793274	0.842631058358061	0.0607319485657765
8	0.038073908174692	0.00906036852285452	0.867250330856154	0.0856153924462995
9	0.0473886859512291	0.0202389179583374	0.0913219468851812	0.841050449205252
10	0.549752157150725	0.0179915549843951	0.232237929135304	0.200018358729576
11	0.402889104201533	0.0406940896679292	0.347485246190434	0.208931559940104
12	0.149413145539906	0.0592723004694836	0.476643192488263	0.314671361502347
