Pos	A	C	G	U
1	0.207147548161121	0.161394483362522	0.381239054290718	0.250218914185639
2	0.213769702276708	0.105845008756567	0.316878283712785	0.36350700525394
3	0.489054290718039	0.0846103327495622	0.191768826619965	0.234566549912434
4	0.0233544562551104	0.00705233033524121	0.933769419460343	0.035823793949305
5	0.00697400133326496	0.00399979488231373	0.936977590892775	0.0520486128916466
6	0.00931352030138133	0.0104646295521139	0.024173294265383	0.956048555881122
7	0.798461807376333	0.0135028841111694	0.0782642894598846	0.109771019052613
8	0.743913362104063	0.00887549873788779	0.162608908069375	0.0846022310886736
9	0.0165734410607002	0.00466128029832194	0.946343484565983	0.0324217940749948
10	0.011532211563663	0.00225402316926141	0.957802589505688	0.0284111757613881
11	0.0178267861245118	0.00914311968757179	0.133517114633586	0.83951297955433
12	0.552375218914186	0.0204137478108581	0.234128721541156	0.1930823117338
13	0.262751751313485	0.0481063922942207	0.456983362521891	0.232158493870403
